INFORMATION_NEED 101-4
precision 0.240
recall 0.156
F1 0.189
prec@10 0.400
average_precision 0.523
recall_precision
0.013 1.000
0.026 1.000
0.039 0.750
0.052 0.571
0.065 0.385
0.078 0.400
0.091 0.438
0.104 0.444
0.117 0.429
0.130 0.357
0.143 0.250
0.156 0.255
interpolated_recall_precision
0.000 1.000
0.100 0.444
0.200 0.000
0.300 0.000
0.400 0.000
0.500 0.000
0.600 0.000
0.700 0.000
0.800 0.000
0.900 0.000
1.000 0.000

INFORMATION_NEED 106-4
precision 0.900
recall 0.600
F1 0.720
prec@10 1.000
average_precision 0.994
recall_precision
0.013 1.000
0.027 1.000
0.040 1.000
0.053 1.000
0.067 1.000
0.080 1.000
0.093 1.000
0.107 1.000
0.120 1.000
0.133 1.000
0.147 1.000
0.160 1.000
0.173 1.000
0.187 1.000
0.200 1.000
0.213 1.000
0.227 1.000
0.240 1.000
0.253 1.000
0.267 1.000
0.280 1.000
0.293 1.000
0.307 1.000
0.320 1.000
0.333 1.000
0.347 1.000
0.360 1.000
0.373 1.000
0.387 1.000
0.400 1.000
0.413 1.000
0.427 1.000
0.440 1.000
0.453 1.000
0.467 1.000
0.480 1.000
0.493 1.000
0.507 1.000
0.520 1.000
0.533 1.000
0.547 1.000
0.560 0.955
0.573 0.935
0.587 0.917
0.600 0.918
interpolated_recall_precision
0.000 1.000
0.100 1.000
0.200 1.000
0.300 1.000
0.400 1.000
0.500 1.000
0.600 0.918
0.700 0.000
0.800 0.000
0.900 0.000
1.000 0.000

INFORMATION_NEED 206-4
precision 0.870
recall 0.519
F1 0.650
prec@10 1.000
average_precision 0.989
recall_precision
0.013 1.000
0.026 1.000
0.039 1.000
0.052 1.000
0.065 1.000
0.078 1.000
0.091 1.000
0.104 1.000
0.117 1.000
0.130 1.000
0.143 1.000
0.156 1.000
0.169 1.000
0.182 1.000
0.195 1.000
0.208 1.000
0.221 1.000
0.234 1.000
0.247 1.000
0.260 1.000
0.273 1.000
0.286 1.000
0.299 1.000
0.312 1.000
0.325 1.000
0.338 0.963
0.351 0.964
0.364 0.966
0.377 0.967
0.390 0.968
0.403 0.969
0.416 0.970
0.429 0.971
0.442 0.971
0.455 0.972
0.468 0.973
0.481 0.974
0.494 0.974
0.506 0.975
0.519 0.976
interpolated_recall_precision
0.000 1.000
0.100 1.000
0.200 1.000
0.300 1.000
0.400 0.976
0.500 0.976
0.600 0.000
0.700 0.000
0.800 0.000
0.900 0.000
1.000 0.000

INFORMATION_NEED 209-2
precision 0.368
recall 0.109
F1 0.169
prec@10 0.400
average_precision 0.694
recall_precision
0.016 1.000
0.031 1.000
0.047 1.000
0.062 0.444
0.078 0.455
0.094 0.462
0.109 0.500
interpolated_recall_precision
0.000 1.000
0.100 0.500
0.200 0.000
0.300 0.000
0.400 0.000
0.500 0.000
0.600 0.000
0.700 0.000
0.800 0.000
0.900 0.000
1.000 0.000

INFORMATION_NEED 305-4
precision 0.180
recall 0.164
F1 0.171
prec@10 0.100
average_precision 0.227
recall_precision
0.018 0.333
0.036 0.182
0.055 0.214
0.073 0.235
0.091 0.217
0.109 0.240
0.127 0.259
0.145 0.174
0.164 0.191
interpolated_recall_precision
0.000 0.333
0.100 0.259
0.200 0.000
0.300 0.000
0.400 0.000
0.500 0.000
0.600 0.000
0.700 0.000
0.800 0.000
0.900 0.000
1.000 0.000

TOTAL
precision 0.512
recall 0.310
F1 0.380
prec@10 0.580
MAP 0.686
interpolated_recall_precision
0.000 0.867
0.100 0.641
0.200 0.400
0.300 0.400
0.400 0.395
0.500 0.395
0.600 0.184
0.700 0.000
0.800 0.000
0.900 0.000
1.000 0.000
